3000
3001
3002
3003
3004
3005
3006
3007
3008
3009
3010
3011
3012
3013
3014
3015
3016
3017
3018
3019
3020
3021
3022
3023
3024
3025
3026
3027
3028
3029
3030
3031
3032
3033
3034
3035
3036
3037
3038
3039
3040
3041
3042
3043
3044
3045
3046
3047
3048
3049
3050
3051
3052
3053
3054
3055
3056
3057
3058
3059
3060
3061
3062
3063
3064
3065
3066
3067
3068
3069
3070
3071
3072
3073
3074
3075
3076
3077
3078
3079
3080
3081
3082
3083
3084
3085
3086
3087
3088
3089
3090
3091
3092
3093
3094
3095
3096
3097
3098
3099
03158
03159
03160
03169
03170
03177
03178
03179
03180
03187
03189
03190
03193
03194
03195
3200
3201
3202
3203
3204
3205
3206
3207
3208
3209
3210
3211
3212
3213
3214
3215
3216
3217
3218
3219
3220
3221
3222
3223
3224
3225
3226
3227
3228
3229
3230
3231
3232
3233
3234
3235
3236
3237
3238
3239
3240
3241
3242
3243
3244
3245
3246
3247
3248
3249
3250
3251
3252
3253
3254
3255
3256
3257
3258
3259
3260
3261
3262
3263
3264
3265
3266
3267
3268
3269
3270
3271
3272
3273
3274
3275
3276
3277
3278
3279
3280
3281
3282
3283
3284
3285
3286
3287
3288
3289
3290
3291
3292
3293
3294
3295
3296
3297
3298
3299
03300
03310
03311
03312
03313
03314
03315
03316
03317
03318
03319
03320
03330
03340
03350
03360
03400
03460
03500
03600
03610
03690
03700
03710
03801
03530
03759
03730
03792
05001
05145
05147
05148
05149
05150
05194
05357
05540
05560
05591
08001
08002
08003
08004
08005
08006
08110
08120
08170
08242
08243
08301
08302
08303
08304
08320
08329
08370
08380
08397
08398
08401
08506
08620
08630
08640
08690
08740
08758
08800
08810
08820
08830
08840
08850
08859
08860
08870
08940
08950
08960
08970
08980
10329
10350
13300
13500
13600
13200
13260
13270
17160
17210
17211
17212
17220
17230
17246
17248
17249
17250
17251
17252
17255
17256
17257
17258
17300
17310
17320
18140
18230
18300
18314
18412
18420
18697
18690
18740
21400
21700
21710
23001
23194
23400
23620
23639
23700
23710
25220
25250
25280
25560
25566
25567
25568
25569
25570
25571
25572
25573
25574
25575
25576
25577
25580
25586
25587
25588
25589
25590
25591
25592
25593
25594
25595
25596
25597
25620
28000
28001
28002
28003
28004
28005
28006
28007
28008
28009
28010
28011
28012
28013
28014
28015
28016
28017
28018
28019
28020
28021
28022
28023
28024
28025
28026
28027
28028
28029
28030
28031
28032
28033
28034
28035
28036
28037
28038
28039
28040
28041
28042
28043
28044
28045
28046
28047
28048
28049
28050
28051
28052
28100
28109
28120
28700
28701
28707
28708
28709
28120
28707
28770
28780
28220
28223
28224
28230
28232
28290
28300
28320
28340
28400
28409
28410
28500
28529
28520
28521
28522
28523
28529
28600
28608
28660
28668
28669
28670
28679
28690
28691
28692
28760
28761
28790
28800
28801
28802
28803
28804
28805
28806
28807
28808
28809
28820
28830
28831
28850
28850
28860
28900
28901
28902
28903
28904
28905
28906
28907
28908
28909
28910
28911
28912
28913
28914
28915
28916
28917
28918
28919
28920
28921
28922
28923
28924
28925
28926
28927
28928
28929
28930
28931
28932
28933
28934
28935
28936
28937
28938
28939
28940
28941
28942
28943
28944
28945
28946
28947
28948
28949
28940
28970
28980
28981
29011
29100
29120
29130
29170
29180
29194
29194
29195
29197
29400
29480
29490
29600
29600
29610
29620
29630
29631
29639
29641
29640
29649
29649
29650
29660
29660
29670
29678
29678
29679
29680
29688
29688
29688
29688
29689
29690
29691
29692
29692
29692
29693
29693
29693
29700
29710
29711
29712
29714
29715
29716
29717
29718
29718
29718
29718
29719
29719
29730
29740
29750
29751
29752
29753
29754
29755
29770
29780
29787
29788
29791
30001
30002
30003
30004
30005
30006
30007
30008
30009
30010
30011
30012
30100
30110
30120
30130
30139
30140
30148
30149
30150
30151
30152
30153
30154
30155
30156
30157
30158
30160
30161
30162
30163
30164
30165
30166
30167
30168
30169
30170
30176
30177
30178
30179
30180
30189
30190
30191
30192
30193
30194
30195
30196
30200
30201
30202
30203
30204
30205
30400
30510
30520
30550
30559
30800
30813
30815
30820
30840
30848
30849
35011
35017
35018
35100
35220
35240
35290
35470
35500
35507
35508
35509
35510
35520
35530
35540
35550
35560
35570
35572
35600
35628
35630
35637
35640
37789
38000
38700
38800
38900
41092
41500
41927
46100
46120
46134
46182
46530
46200
46300
46400
46410
46420
46500
46600
46700
46710
46800
46900
46901
46920
46940
46980
48001
48002
48003
48004
48005
48006
48007
48008
48009
48010
48011
48012
48013
48014
48015
48003
48100
48110
48111
48112
48113
48114
48115
48116
48120
48130
48140
48141
48142
48143
48144
48145
48150
48160
48170
48180
48190
48191
48192
48195
48196
48200
48210
48211
48212
48213
48215
48220
48230
48240
48240
48250
48260
48269
48270
48277
48280
48287
48288
48289
48291
48300
48309
48310
48311
48312
48313
48314
48315
48320
48330
48340
48350
48360
48370
48380
48381
48382
48383
48390
48392
48393
48394
48395
48410
48450
48460
48480
48490
48498
48499
48500
48540
48508
48510
48520
48530
48550
48600
48610
48620
48630
48640
48650
48700
48710
48800
48810
48820
48830
48840
48830
48850
48860
48879
48880
48890
48891
48895
48901
48902
48903
48910
48920
48930
48940
48950
48960
48970
48980
48991
48992
48993
51001
51002
51003
51004
51005
51070
51071
51081
52000
52001
52002
52003
52004
52005
52006
52070
52071
52081
